[Studie]								
Studienkuerzel = mWHO2011						
Land = WHO							
Jahrgang = 2011							
Geschlecht = m							
Gewichtung = 							
Normierung =							
Quelle = WHO							
Quelle(X) = http://www.who.int						
Bemerkung = 							
Minimum = 0							
Maximum = 19							
Spalten = a,l,lsd,gl,gm,gs,bmil,bmim,bmis					
(MissingData = -1)							
[Rohdaten]								
0	49.8842	1.8931	0.3487	3.3464	0.14602	-0.3053	13.4069	0.0956
0.08333333	54.7244	1.9465	0.2297	4.4709	0.13395	0.2708	14.9441	0.09027
0.16666667	58.4249	2.0005	0.197	5.5675	0.12385	0.1118	16.3195	0.08677
0.25	61.4292	2.0444	0.1738	6.3762	0.11727	0.0068	16.8987	0.08495
0.33333333	63.886	2.0808	0.1553	7.0023	0.11316	-0.0727	17.1579	0.08378
0.41666667	65.9026	2.1115	0.1395	7.5105	0.1108	-0.137	17.2919	0.08296
0.5	67.6236	2.1403	0.1257	7.934	0.10958	-0.1913	17.3422	0.08234
0.58333333	69.1645	2.1711	0.1134	8.297	0.10902	-0.2385	17.3288	0.08183
0.66666667	70.5994	2.2055	0.1021	8.6151	0.10882	-0.2802	17.2647	0.0814
0.75	71.9687	2.2433	0.0917	8.9014	0.10881	-0.3176	17.1662	0.08102
0.83333333	73.2812	2.2849	0.082	9.1649	0.10891	-0.3516	17.0488	0.08068
0.91666667	74.5388	2.3293	0.073	9.4122	0.10906	-0.3828	16.9239	0.08037
1	75.7488	2.3762	0.0644	9.6479	0.10925	-0.4115	16.7981	0.08009
1.08333333	76.9186	2.426	0.0563	9.8749	0.10949	-0.4382	16.6743	0.07982
1.16666667	78.0497	2.4773	0.0487	10.0953	0.10976	-0.463	16.5548	0.07958
1.25	79.1458	2.5303	0.0413	10.3108	0.11007	-0.4863	16.4409	0.07935
1.33333333	80.2113	2.5844	0.0343	10.5228	0.11041	-0.5082	16.3335	0.07913
1.41666667	81.2487	2.6406	0.0275	10.7319	0.11079	-0.5289	16.2329	0.07892
1.5	82.2587	2.6973	0.0211	10.9385	0.11119	-0.5484	16.1392	0.07873
1.58333333	83.2418	2.7553	0.0148	11.143	0.11164	-0.5669	16.0528	0.07854
1.66666667	84.1996	2.814	0.0087	11.3462	0.11211	-0.5846	15.9743	0.07836
1.75	85.1348	2.8742	0.0029	11.5486	0.11261	-0.6014	15.9039	0.07818
1.83333333	86.0477	2.9342	-0.0028	11.7504	0.11314	-0.6174	15.8412	0.07802
1.91666667	86.941	2.9951	-0.0083	11.9514	0.11369	-0.6328	15.7852	0.07786
2	87.1161	3.0551	-0.0137	12.1515	0.11426	-0.6187	16.0189	0.07785
2.08333333	87.972	3.116	-0.0189	12.3502	0.11485	-0.584	15.98	0.07792
2.16666667	88.8065	3.1757	-0.024	12.5466	0.11544	-0.5497	15.9414	0.078
2.25	89.6197	3.2353	-0.0289	12.7401	0.11604	-0.5166	15.9036	0.07808
2.33333333	90.412	3.2928	-0.0337	12.9303	0.11664	-0.485	15.8667	0.07818
2.41666667	91.1828	3.3501	-0.0385	13.1169	0.11723	-0.4552	15.8306	0.07829
2.5	91.9327	3.4052	-0.0431	13.3	0.11781	-0.4274	15.7953	0.07841
2.58333333	92.6631	3.4591	-0.0476	13.4798	0.11839	-0.4016	15.7606	0.07854
2.66666667	93.3753	3.5118	-0.052	13.6567	0.11896	-0.3782	15.7267	0.07867
2.75	94.0711	3.5625	-0.0564	13.8309	0.11953	-0.3572	15.6934	0.07882
2.83333333	94.7532	3.612	-0.0606	14.0031	0.12008	-0.3388	15.661	0.07897
2.91666667	95.4236	3.6604	-0.0648	14.1736	0.12062	-0.3231	15.6294	0.07914
3	96.0835	3.7069	-0.0689	14.3429	0.12116	-0.3101	15.5988	0.07931
3.08333333	96.7337	3.7523	-0.0729	14.5113	0.12168	-0.3	15.5693	0.0795
3.16666667	97.3749	3.7976	-0.0769	14.6791	0.1222	-0.2927	15.541	0.07969
3.25	98.0073	3.8409	-0.0808	14.8466	0.12271	-0.2884	15.514	0.0799
3.33333333	98.631	3.8831	-0.0846	15.014	0.12322	-0.2869	15.4885	0.08012
3.41666667	99.2459	3.9242	-0.0883	15.1813	0.12373	-0.2881	15.4645	0.08036
3.5	99.8515	3.9651	-0.092	15.3486	0.12425	-0.2919	15.442	0.08061
3.58333333	100.4485	4.0039	-0.0957	15.5158	0.12478	-0.2981	15.421	0.08087
3.66666667	101.0374	4.0435	-0.0993	15.6828	0.12531	-0.3067	15.4013	0.08115
3.75	101.6186	4.081	-0.1028	15.8497	0.12586	-0.3174	15.3827	0.08144
3.83333333	102.1933	4.1194	-0.1063	16.0163	0.12643	-0.3303	15.3652	0.08174
3.91666667	102.7625	4.1567	-0.1097	16.1827	0.127	-0.3452	15.3485	0.08205
4	103.3273	4.1941	-0.1131	16.3489	0.12759	-0.3622	15.3326	0.08238
4.08333333	103.8886	4.2314	-0.1165	16.515	0.12819	-0.3811	15.3174	0.08272
4.16666667	104.4473	4.2677	-0.1198	16.6811	0.1288	-0.4019	15.3029	0.08307
4.25	105.0041	4.3052	-0.123	16.8471	0.12943	-0.4245	15.2891	0.08343
4.33333333	105.5596	4.3417	-0.1262	17.0132	0.13005	-0.4488	15.2759	0.0838
4.41666667	106.1138	4.3783	-0.1294	17.1792	0.13069	-0.4747	15.2633	0.08418
4.5	106.6668	4.4149	-0.1325	17.3452	0.13133	-0.5019	15.2514	0.08457
4.58333333	107.2188	4.4517	-0.1356	17.5111	0.13197	-0.5303	15.24	0.08496
4.66666667	107.7697	4.4886	-0.1387	17.6768	0.13261	-0.5599	15.2291	0.08536
4.75	108.3198	4.5245	-0.1417	17.8422	0.13325	-0.5905	15.2188	0.08577
4.83333333	108.8689	4.5616	-0.1447	18.0073	0.13389	-0.6223	15.2091	0.08617
4.91666667	109.417	4.5977	-0.1477	18.1722	0.13453	-0.6552	15.2	0.08659
5	109.9638	4.6339	-0.1506	18.3366	0.13517	-0.6892	15.1916	0.087
5.08	110.2647	4.5914	-0.2026	18.5057	0.12988	-0.7387	15.2641	0.0839
5.17	110.8006	4.6226	-0.213	18.6802	0.13028	-0.7621	15.2616	0.08414
5.25	111.3338	4.6538	-0.2234	18.8563	0.13067	-0.7856	15.2604	0.08439
5.33	111.8636	4.6837	-0.2338	19.034	0.13105	-0.8089	15.2605	0.08464
5.42	112.3895	4.7147	-0.2443	19.2132	0.13142	-0.8322	15.2619	0.0849
5.5	112.911	4.7456	-0.2548	19.394	0.13178	-0.8554	15.2645	0.08516
5.58	113.428	4.7765	-0.2653	19.5765	0.13213	-0.8785	15.2684	0.08543
5.67	113.941	4.806	-0.2758	19.7607	0.13246	-0.9015	15.2737	0.0857
5.75	114.45	4.8367	-0.2864	19.9468	0.13279	-0.9243	15.2801	0.08597
5.83	114.9547	4.8672	-0.2969	20.1344	0.13311	-0.9471	15.2877	0.08625
5.92	115.4549	4.8964	-0.3075	20.3235	0.13342	-0.9697	15.2965	0.08653
6	115.9509	4.9268	-0.318	20.5137	0.13372	-0.9921	15.3062	0.08682
6.08	116.4432	4.957	-0.3285	20.7052	0.13402	-1.0144	15.3169	0.08711
6.17	116.9325	4.986	-0.339	20.8979	0.13432	-1.0365	15.3285	0.08741
6.25	117.4196	5.0162	-0.3494	21.0918	0.13462	-1.0584	15.3408	0.08771
6.33	117.9046	5.0463	-0.3598	21.287	0.13493	-1.0801	15.354	0.08802
6.42	118.388	5.0753	-0.3701	21.4833	0.13523	-1.1017	15.3679	0.08833
6.5	118.87	5.1055	-0.3804	21.681	0.13554	-1.123	15.3825	0.08865
6.58	119.3508	5.1357	-0.3906	21.8799	0.13586	-1.1441	15.3978	0.08898
6.67	119.8303	5.1659	-0.4007	22.08	0.13618	-1.1649	15.4137	0.08931
6.75	120.3085	5.1949	-0.4107	22.2813	0.13652	-1.1856	15.4302	0.08964
6.83	120.7853	5.2252	-0.4207	22.4837	0.13686	-1.206	15.4473	0.08998
6.92	121.2604	5.2554	-0.4305	22.6872	0.13722	-1.2261	15.465	0.09033
7	121.7338	5.2857	-0.4402	22.8915	0.13759	-1.246	15.4832	0.09068
7.08	122.2053	5.3159	-0.4499	23.0968	0.13797	-1.2656	15.5019	0.09103
7.17	122.675	5.3462	-0.4594	23.3029	0.13838	-1.2849	15.521	0.09139
7.25	123.1429	5.3764	-0.4688	23.5101	0.1388	-1.304	15.5407	0.09176
7.33	123.6092	5.4067	-0.4781	23.7182	0.13923	-1.3228	15.5608	0.09213
7.42	124.0736	5.4369	-0.4873	23.9272	0.13969	-1.3414	15.5814	0.09251
7.5	124.5361	5.4671	-0.4964	24.1371	0.14016	-1.3596	15.6023	0.09289
7.58	124.9964	5.4973	-0.5053	24.3479	0.14065	-1.3776	15.6237	0.09327
7.67	125.4545	5.5275	-0.5142	24.5595	0.14117	-1.3953	15.6455	0.09366
7.75	125.9104	5.5577	-0.5229	24.7722	0.1417	-1.4126	15.6677	0.09406
7.83	126.364	5.5878	-0.5315	24.9858	0.14226	-1.4297	15.6903	0.09445
7.92	126.8156	5.6179	-0.5399	25.2005	0.14284	-1.4464	15.7133	0.09486
8	127.2651	5.648	-0.5482	25.4163	0.14344	-1.4629	15.7368	0.09526
8.08	127.7129	5.6781	-0.5564	25.6332	0.14407	-1.479	15.7606	0.09567
8.17	128.159	5.7082	-0.5644	25.8513	0.14472	-1.4947	15.7848	0.09609
8.25	128.6034	5.7383	-0.5722	26.0706	0.14539	-1.5101	15.8094	0.09651
8.33	129.0466	5.7684	-0.5799	26.2911	0.14608	-1.5252	15.8344	0.09693
8.42	129.4887	5.7985	-0.5873	26.5128	0.14679	-1.5399	15.8597	0.09735
8.5	129.93	5.83	-0.5946	26.7358	0.14752	-1.5542	15.8855	0.09778
8.58	130.3705	5.8602	-0.6017	26.9602	0.14828	-1.5681	15.9116	0.09821
8.67	130.8103	5.8904	-0.6085	27.1861	0.14905	-1.5817	15.9381	0.09864
8.75	131.2495	5.9207	-0.6152	27.4137	0.14984	-1.5948	15.9651	0.09907
8.83	131.6884	5.951	-0.6216	27.6432	0.15066	-1.6076	15.9925	0.09951
8.92	132.1269	5.9814	-0.6278	27.875	0.15149	-1.6199	16.0205	0.09994
9	132.5652	6.0118	-0.6337	28.1092	0.15233	-1.6318	16.049	0.10038
9.08	133.0031	6.0423	-0.6393	28.3459	0.15319	-1.6433	16.0781	0.10082
9.17	133.4404	6.0729	-0.6446	28.5854	0.15406	-1.6544	16.1078	0.10126
9.25	133.877	6.1035	-0.6496	28.8277	0.15493	-1.6651	16.1381	0.1017
9.33	134.313	6.1327	-0.6543	29.0731	0.15581	-1.6753	16.1692	0.10214
9.42	134.7483	6.1634	-0.6585	29.3217	0.1567	-1.6851	16.2009	0.10259
9.5	135.1829	6.1941	-0.6624	29.5736	0.1576	-1.6944	16.2333	0.10303
9.58	135.6168	6.2235	-0.6659	29.8289	0.1585	-1.7032	16.2665	0.10347
9.67	136.0501	6.2542	-0.6689	30.0877	0.1594	-1.7116	16.3004	0.10391
9.75	136.4829	6.2837	-0.6714	30.3501	0.16031	-1.7196	16.3351	0.10435
9.83	136.9153	6.3145	-0.6735	30.616	0.16122	-1.7271	16.3704	0.10478
9.92	137.3474	6.3441	-0.6752	30.8854	0.16213	-1.7341	16.4065	0.10522
10	137.7795	6.3737	-0.6764	31.1586	0.16305	-1.7407	16.4433	0.10566
10.08	138.2119	6.4034	-1	-1	-1	-1.7468	16.4807	0.10609
10.17	138.6452	6.4331	-1	-1	-1	-1.7525	16.5189	0.10652
10.25	139.0797	6.463	-1	-1	-1	-1.7578	16.5578	0.10695
10.33	139.5158	6.4931	-1	-1	-1	-1.7626	16.5974	0.10738
10.42	139.954	6.5233	-1	-1	-1	-1.767	16.6376	0.1078
10.5	140.3948	6.5522	-1	-1	-1	-1.771	16.6786	0.10823
10.58	140.8387	6.5828	-1	-1	-1	-1.7745	16.7203	0.10865
10.67	141.2859	6.6122	-1	-1	-1	-1.7777	16.7628	0.10906
10.75	141.7368	6.6418	-1	-1	-1	-1.7804	16.8059	0.10948
10.83	142.1916	6.6716	-1	-1	-1	-1.7828	16.8497	0.10989
10.92	142.6501	6.7017	-1	-1	-1	-1.7847	16.8941	0.1103
11	143.1126	6.7306	-1	-1	-1	-1.7862	16.9392	0.1107
11.08	143.5795	6.7612	-1	-1	-1	-1.7873	16.985	0.1111
11.17	144.0511	6.7906	-1	-1	-1	-1.7881	17.0314	0.1115
11.25	144.5276	6.8203	-1	-1	-1	-1.7884	17.0784	0.11189
11.33	145.0093	6.8488	-1	-1	-1	-1.7884	17.1262	0.11228
11.42	145.4964	6.8791	-1	-1	-1	-1.788	17.1746	0.11266
11.5	145.9891	6.9082	-1	-1	-1	-1.7873	17.2236	0.11304
11.58	146.4878	6.9377	-1	-1	-1	-1.7861	17.2734	0.11342
11.67	146.9927	6.9675	-1	-1	-1	-1.7846	17.324	0.11379
11.75	147.5041	6.9976	-1	-1	-1	-1.7828	17.3752	0.11415
11.83	148.0224	7.0266	-1	-1	-1	-1.7806	17.4272	0.11451
11.92	148.5478	7.056	-1	-1	-1	-1.778	17.4799	0.11487
12	149.0807	7.0858	-1	-1	-1	-1.7751	17.5334	0.11522
12.08	149.6212	7.1145	-1	-1	-1	-1.7719	17.5877	0.11556
12.17	150.1694	7.1451	-1	-1	-1	-1.7684	17.6427	0.1159
12.25	150.7256	7.173	-1	-1	-1	-1.7645	17.6985	0.11623
12.33	151.2899	7.2029	-1	-1	-1	-1.7604	17.7551	0.11656
12.42	151.8623	7.2317	-1	-1	-1	-1.7559	17.8124	0.11688
12.5	152.4425	7.2608	-1	-1	-1	-1.7511	17.8704	0.1172
12.58	153.0298	7.2888	-1	-1	-1	-1.7461	17.9292	0.11751
12.67	153.6234	7.3186	-1	-1	-1	-1.7408	17.9887	0.11781
12.75	154.2223	7.3456	-1	-1	-1	-1.7352	18.0488	0.11811
12.83	154.8258	7.3744	-1	-1	-1	-1.7293	18.1096	0.11841
12.92	155.4329	7.4017	-1	-1	-1	-1.7232	18.171	0.11869
13	156.0426	7.4276	-1	-1	-1	-1.7168	18.233	0.11898
13.08	156.6539	7.4536	-1	-1	-1	-1.7102	18.2955	0.11925
13.17	157.266	7.4796	-1	-1	-1	-1.7033	18.3586	0.11952
13.25	157.8775	7.5055	-1	-1	-1	-1.6962	18.4221	0.11979
13.33	158.4871	7.5297	-1	-1	-1	-1.6888	18.486	0.12005
13.42	159.0937	7.5522	-1	-1	-1	-1.6811	18.5502	0.1203
13.5	159.6962	7.576	-1	-1	-1	-1.6732	18.6148	0.12055
13.58	160.2939	7.5979	-1	-1	-1	-1.6651	18.6795	0.12079
13.67	160.8861	7.618	-1	-1	-1	-1.6568	18.7445	0.12102
13.75	161.472	7.6376	-1	-1	-1	-1.6482	18.8095	0.12125
13.83	162.0505	7.6569	-1	-1	-1	-1.6394	18.8746	0.12148
13.92	162.6207	7.6757	-1	-1	-1	-1.6304	18.9398	0.1217
14	163.1816	7.6924	-1	-1	-1	-1.6211	19.005	0.12191
14.08	163.7321	7.7069	-1	-1	-1	-1.6116	19.0701	0.12212
14.17	164.2717	7.7224	-1	-1	-1	-1.602	19.1351	0.12233
14.25	164.7994	7.7357	-1	-1	-1	-1.5921	19.2	0.12253
14.33	165.3145	7.7483	-1	-1	-1	-1.5821	19.2648	0.12272
14.42	165.8165	7.7586	-1	-1	-1	-1.5719	19.3294	0.12291
14.5	166.305	7.7681	-1	-1	-1	-1.5615	19.3937	0.1231
14.58	166.7799	7.7769	-1	-1	-1	-1.551	19.4578	0.12328
14.67	167.2415	7.7851	-1	-1	-1	-1.5403	19.5217	0.12346
14.75	167.6899	7.7909	-1	-1	-1	-1.5294	19.5853	0.12363
14.83	168.1255	7.796	-1	-1	-1	-1.5185	19.6486	0.1238
14.92	168.5482	7.8004	-1	-1	-1	-1.5074	19.7117	0.12396
15	168.958	7.8042	-1	-1	-1	-1.4961	19.7744	0.12412
15.08	169.3549	7.8056	-1	-1	-1	-1.4848	19.8367	0.12428
15.17	169.7389	7.8063	-1	-1	-1	-1.4733	19.8987	0.12443
15.25	170.1099	7.8063	-1	-1	-1	-1.4617	19.9603	0.12458
15.33	170.468	7.8057	-1	-1	-1	-1.45	20.0215	0.12473
15.42	170.8136	7.8045	-1	-1	-1	-1.4382	20.0823	0.12487
15.5	171.1468	7.8026	-1	-1	-1	-1.4263	20.1427	0.12501
15.58	171.468	7.7984	-1	-1	-1	-1.4143	20.2026	0.12514
15.67	171.7773	7.7953	-1	-1	-1	-1.4022	20.2621	0.12528
15.75	172.0748	7.7898	-1	-1	-1	-1.39	20.3211	0.12541
15.83	172.3606	7.7838	-1	-1	-1	-1.3777	20.3796	0.12554
15.92	172.6345	7.7789	-1	-1	-1	-1.3653	20.4376	0.12567
16	172.8967	7.7717	-1	-1	-1	-1.3529	20.4951	0.12579
16.08	173.147	7.7639	-1	-1	-1	-1.3403	20.5521	0.12591
16.17	173.3856	7.7555	-1	-1	-1	-1.3277	20.6085	0.12603
16.25	173.6126	7.7466	-1	-1	-1	-1.3149	20.6644	0.12615
16.33	173.828	7.7371	-1	-1	-1	-1.3021	20.7197	0.12627
16.42	174.0321	7.727	-1	-1	-1	-1.2892	20.7745	0.12638
16.5	174.2251	7.7164	-1	-1	-1	-1.2762	20.8287	0.1265
16.58	174.4071	7.7053	-1	-1	-1	-1.2631	20.8824	0.12661
16.67	174.5784	7.6937	-1	-1	-1	-1.2499	20.9355	0.12672
16.75	174.7392	7.6815	-1	-1	-1	-1.2366	20.9881	0.12683
16.83	174.8896	7.6689	-1	-1	-1	-1.2233	21.04	0.12694
16.92	175.0301	7.6576	-1	-1	-1	-1.2098	21.0914	0.12704
17	175.1609	7.644	-1	-1	-1	-1.1962	21.1423	0.12715
17.08	175.2824	7.63	-1	-1	-1	-1.1826	21.1925	0.12726
17.17	175.3951	7.6174	-1	-1	-1	-1.1688	21.2423	0.12736
17.25	175.4995	7.6026	-1	-1	-1	-1.155	21.2914	0.12746
17.33	175.5959	7.5893	-1	-1	-1	-1.141	21.34	0.12756
17.42	175.685	7.5738	-1	-1	-1	-1.127	21.388	0.12767
17.5	175.7672	7.5597	-1	-1	-1	-1.1129	21.4354	0.12777
17.58	175.8432	7.5454	-1	-1	-1	-1.0986	21.4822	0.12787
17.67	175.9133	7.5308	-1	-1	-1	-1.0843	21.5285	0.12797
17.75	175.9781	7.516	-1	-1	-1	-1.0699	21.5742	0.12807
17.83	176.038	7.501	-1	-1	-1	-1.0553	21.6193	0.12816
17.92	176.0935	7.4857	-1	-1	-1	-1.0407	21.6638	0.12826
18	176.1449	7.4703	-1	-1	-1	-1.026	21.7077	0.12836
18.08	176.1925	7.4565	-1	-1	-1	-1.0112	21.751	0.12845
18.17	176.2368	7.4407	-1	-1	-1	-0.9962	21.7937	0.12855
18.25	176.2779	7.4266	-1	-1	-1	-0.9812	21.8358	0.12864
18.33	176.3162	7.4123	-1	-1	-1	-0.9661	21.8773	0.12874
18.42	176.3518	7.398	-1	-1	-1	-0.9509	21.9182	0.12883
18.5	176.3851	7.3817	-1	-1	-1	-0.9356	21.9585	0.12893
18.58	176.4162	7.3689	-1	-1	-1	-0.9202	21.9982	0.12902
18.67	176.4453	7.3542	-1	-1	-1	-0.9048	22.0374	0.12911
18.75	176.4724	7.3395	-1	-1	-1	-0.8892	22.076	0.1292
18.83	176.4976	7.3247	-1	-1	-1	-0.8735	22.114	0.1293
18.92	176.5211	7.3115	-1	-1	-1	-0.8578	22.1514	0.12939
19	176.5432	7.2983	-1	-1	-1	-0.8419	22.1883	0.12948
