Leeftijd	Lengte	L	M	S
0 - 16	50	2,0149	3,56	0,0804
0 - 16	51	1,9647	3,8	0,0808
0 - 16	52	1,9146	4,05	0,0812
0 - 16	53	1,8644	4,29	0,0815
0 - 16	54	1,8143	4,54	0,0819
0 - 16	55	1,7641	4,78	0,0823
0 - 16	56	1,714	5,04	0,0827
0 - 16	57	1,6639	5,3	0,083
0 - 16	58	1,6139	5,55	0,0834
0 - 16	59	1,5638	5,81	0,0837
0 - 16	60	1,5137	6,07	0,0841
0 - 16	61	1,4637	6,33	0,0845
0 - 16	62	1,4137	6,6	0,0849
0 - 16	63	1,3637	6,86	0,0852
0 - 16	64	1,3137	7,13	0,0856
0 - 16	65	1,2637	7,39	0,086
0 - 16	66	1,2137	7,66	0,0864
0 - 16	67	1,1636	7,92	0,0868
0 - 16	68	1,1136	8,18	0,0871
0 - 16	69	1,0635	8,45	0,0875
0 - 16	70	1,0135	8,71	0,0879
0 - 16	71	0,9635	8,97	0,0883
0 - 16	72	0,9134	9,23	0,0887
0 - 16	73	0,8634	9,49	0,089
0 - 16	74	0,8133	9,74	0,0894
0 - 16	75	0,7633	10	0,0898
0 - 16	76	0,7137	10,25	0,0902
0 - 16	77	0,6641	10,49	0,0906
0 - 16	78	0,6146	10,74	0,091
0 - 16	79	0,565	10,98	0,0914
0 - 16	80	0,5154	11,23	0,0918
0 - 16	81	0,4667	11,47	0,0922
0 - 16	82	0,4179	11,7	0,0926
0 - 16	83	0,3692	11,94	0,093
0 - 16	84	0,3204	12,18	0,0934
0 - 16	85	0,2717	12,42	0,0938
0 - 16	86	0,2242	12,65	0,0942
0 - 16	87	0,1767	12,89	0,0946
0 - 16	88	0,1293	13,12	0,095
0 - 16	89	0,0818	13,36	0,0954
0 - 16	90	0,0343	13,6	0,0958
0 - 16	91	-0,0115	13,84	0,0962
0 - 16	92	-0,0573	14,09	0,0966
0 - 16	93	-0,103	14,34	0,0971
0 - 16	94	-0,1488	14,58	0,0975
0 - 16	95	-0,1946	14,83	0,0979
0 - 16	96	-0,2385	15,1	0,0983
0 - 16	97	-0,2823	15,36	0,0988
0 - 16	98	-0,3262	15,63	0,0992
0 - 16	99	-0,37	15,89	0,0997
0 - 16	100	-0,4139	16,16	0,1001
0 - 16	101	-0,4555	16,45	0,1006
0 - 16	102	-0,4971	16,74	0,101
0 - 16	103	-0,5386	17,03	0,1015
0 - 16	104	-0,5802	17,32	0,1019
0 - 16	105	-0,6218	17,61	0,1024
0 - 16	106	-0,6606	17,93	0,1029
0 - 16	107	-0,6994	18,25	0,1034
0 - 16	108	-0,7381	18,57	0,1038
0 - 16	109	-0,7769	18,89	0,1043
0 - 16	110	-0,8157	19,22	0,1048
0 - 16	111	-0,8513	19,57	0,1053
0 - 16	112	-0,8868	19,93	0,1058
0 - 16	113	-0,9224	20,29	0,1062
0 - 16	114	-0,9579	20,64	0,1067
0 - 16	115	-0,9935	21	0,1072
0 - 16	116	-1,026	21,4	0,1077
0 - 16	117	-1,0585	21,8	0,1082
0 - 16	118	-1,091	22,19	0,1087
0 - 16	119	-1,1235	22,59	0,1092
0 - 16	120	-1,156	22,99	0,1097
0 - 16	121	-1,1859	23,43	0,1102
0 - 16	122	-1,2157	23,87	0,1107
0 - 16	123	-1,2456	24,32	0,1113
0 - 16	124	-1,2754	24,76	0,1118
0 - 16	125	-1,3053	25,2	0,1123
0 - 16	126	-1,3329	25,7	0,1128
0 - 16	127	-1,3605	26,2	0,1134
0 - 16	128	-1,388	26,7	0,1139
0 - 16	129	-1,4156	27,19	0,1145
0 - 16	130	-1,4432	27,69	0,115
0 - 16	131	-1,4688	28,25	0,1156
0 - 16	132	-1,4944	28,81	0,1161
0 - 16	133	-1,5201	29,37	0,1167
0 - 16	134	-1,5457	29,92	0,1172
0 - 16	135	-1,5713	30,48	0,1178
0 - 16	136	-1,5952	31,1	0,1183
0 - 16	137	-1,619	31,71	0,1188
0 - 16	138	-1,6429	32,32	0,1194
0 - 16	139	-1,6667	32,94	0,1199
0 - 16	140	-1,6906	33,55	0,1204
0 - 16	141	-1,713	34,21	0,1209
0 - 16	142	-1,7355	34,88	0,1214
0 - 16	143	-1,7579	35,54	0,122
0 - 16	144	-1,7804	36,2	0,1225
0 - 16	145	-1,8028	36,87	0,123
0 - 16	146	-1,8248	37,57	0,1235
0 - 16	147	-1,8468	38,28	0,1239
0 - 16	148	-1,8688	38,98	0,1244
0 - 16	149	-1,8908	39,69	0,1248
0 - 16	150	-1,9128	40,39	0,1253
0 - 16	151	-1,9358	41,13	0,1257
0 - 16	152	-1,9587	41,87	0,1261
0 - 16	153	-1,9817	42,62	0,1266
0 - 16	154	-2,0046	43,36	0,127
0 - 16	155	-2,0276	44,1	0,1274
0 - 16	156	-2,0514	44,87	0,1278
0 - 16	157	-2,0752	45,65	0,1281
0 - 16	158	-2,0991	46,42	0,1285
0 - 16	159	-2,1229	47,2	0,1288
0 - 16	160	-2,1467	47,97	0,1292
0 - 16	161	-2,1711	48,77	0,1295
0 - 16	162	-2,1955	49,56	0,1299
0 - 16	163	-2,2198	50,36	0,1302
0 - 16	164	-2,2442	51,16	0,1306
0 - 16	165	-2,2686	51,96	0,1309
0 - 16	166	-2,2931	52,77	0,1312
0 - 16	167	-2,3177	53,58	0,1315
0 - 16	168	-2,3422	54,39	0,1318
0 - 16	169	-2,3668	55,2	0,1321
0 - 16	170	-2,3913	56,01	0,1324
0 - 16	171	-2,4158	56,82	0,1327
0 - 16	172	-2,4403	57,64	0,133
0 - 16	173	-2,4648	58,46	0,1332
0 - 16	174	-2,4893	59,27	0,1335
0 - 16	175	-2,5138	60,09	0,1338
0 - 16	176	-2,5382	60,9	0,1341
0 - 16	177	-2,5626	61,72	0,1344
0 - 16	178	-2,587	62,54	0,1347
0 - 16	179	-2,6114	63,35	0,135
0 - 16	180	-2,6358	64,17	0,1353
