Leeftijd	Lengte	L	M	S
0 - 16	50	-0,326	3,329	0,082
0 - 16	51	-0,334	3,558	0,082
0 - 16	52	-0,341	3,788	0,081
0 - 16	53	-0,348	4,018	0,081
0 - 16	54	-0,356	4,251	0,081
0 - 16	55	-0,363	4,486	0,081
0 - 16	56	-0,371	4,724	0,081
0 - 16	57	-0,378	4,966	0,081
0 - 16	58	-0,386	5,212	0,081
0 - 16	59	-0,394	5,462	0,081
0 - 16	60	-0,402	5,716	0,081
0 - 16	61	-0,41	5,975	0,081
0 - 16	62	-0,419	6,239	0,081
0 - 16	63	-0,427	6,506	0,081
0 - 16	64	-0,436	6,777	0,081
0 - 16	65	-0,445	7,05	0,082
0 - 16	66	-0,454	7,325	0,082
0 - 16	67	-0,463	7,601	0,082
0 - 16	68	-0,472	7,877	0,082
0 - 16	69	-0,481	8,152	0,082
0 - 16	70	-0,49	8,424	0,082
0 - 16	71	-0,5	8,694	0,082
0 - 16	72	-0,509	8,96	0,082
0 - 16	73	-0,518	9,221	0,082
0 - 16	74	-0,527	9,478	0,082
0 - 16	75	-0,536	9,731	0,082
0 - 16	76	-0,545	9,979	0,082
0 - 16	77	-0,554	10,224	0,082
0 - 16	78	-0,563	10,465	0,082
0 - 16	79	-0,572	10,703	0,082
0 - 16	80	-0,581	10,937	0,082
0 - 16	81	-0,59	11,17	0,083
0 - 16	82	-0,599	11,4	0,083
0 - 16	83	-0,608	11,628	0,083
0 - 16	84	-0,617	11,856	0,083
0 - 16	85	-0,626	12,084	0,083
0 - 16	86	-0,635	12,313	0,083
0 - 16	87	-0,645	12,542	0,083
0 - 16	88	-0,654	12,774	0,083
0 - 16	89	-0,664	13,007	0,084
0 - 16	90	-0,674	13,243	0,084
0 - 16	91	-0,684	13,482	0,084
0 - 16	92	-0,694	13,723	0,084
0 - 16	93	-0,705	13,968	0,084
0 - 16	94	-0,716	14,216	0,085
0 - 16	95	-0,727	14,467	0,085
0 - 16	96	-0,738	14,722	0,085
0 - 16	97	-0,75	14,98	0,085
0 - 16	98	-0,762	15,242	0,085
0 - 16	99	-0,774	15,508	0,086
0 - 16	100	-0,787	15,778	0,086
0 - 16	101	-0,8	16,052	0,086
0 - 16	102	-0,814	16,33	0,086
0 - 16	103	-0,828	16,613	0,087
0 - 16	104	-0,842	16,9	0,087
0 - 16	105	-0,857	17,192	0,087
0 - 16	106	-0,872	17,49	0,088
0 - 16	107	-0,888	17,792	0,088
0 - 16	108	-0,904	18,101	0,088
0 - 16	109	-0,921	18,416	0,089
0 - 16	110	-0,938	18,736	0,089
0 - 16	111	-0,956	19,063	0,089
0 - 16	112	-0,975	19,396	0,09
0 - 16	113	-0,994	19,736	0,09
0 - 16	114	-1,014	20,082	0,09
0 - 16	115	-1,034	20,434	0,091
0 - 16	116	-1,055	20,793	0,091
0 - 16	117	-1,076	21,159	0,092
0 - 16	118	-1,098	21,532	0,092
0 - 16	119	-1,121	21,911	0,093
0 - 16	120	-1,143	22,298	0,093
0 - 16	121	-1,167	22,691	0,094
0 - 16	122	-1,191	23,092	0,094
0 - 16	123	-1,215	23,5	0,094
0 - 16	124	-1,24	23,914	0,095
0 - 16	125	-1,264	24,336	0,095
0 - 16	126	-1,29	24,766	0,096
0 - 16	127	-1,315	25,204	0,097
0 - 16	128	-1,341	25,65	0,097
0 - 16	129	-1,368	26,106	0,098
0 - 16	130	-1,394	26,57	0,098
0 - 16	131	-1,42	27,045	0,099
0 - 16	132	-1,447	27,53	0,099
0 - 16	133	-1,473	28,026	0,1
0 - 16	134	-1,5	28,534	0,101
0 - 16	135	-1,527	29,053	0,101
0 - 16	136	-1,554	29,585	0,102
0 - 16	137	-1,581	30,129	0,102
0 - 16	138	-1,607	30,685	0,103
0 - 16	139	-1,634	31,253	0,104
0 - 16	140	-1,66	31,832	0,104
0 - 16	141	-1,686	32,424	0,105
0 - 16	142	-1,711	33,027	0,106
0 - 16	143	-1,736	33,641	0,106
0 - 16	144	-1,761	34,268	0,107
0 - 16	145	-1,784	34,906	0,107
0 - 16	146	-1,807	35,557	0,108
0 - 16	147	-1,83	36,218	0,109
0 - 16	148	-1,851	36,892	0,109
0 - 16	149	-1,872	37,577	0,11
0 - 16	150	-1,891	38,275	0,11
0 - 16	151	-1,91	38,985	0,111
0 - 16	152	-1,927	39,707	0,111
0 - 16	153	-1,944	40,442	0,112
0 - 16	154	-1,959	41,188	0,112
0 - 16	155	-1,973	41,944	0,113
0 - 16	156	-1,986	42,711	0,113
0 - 16	157	-1,997	43,489	0,113
0 - 16	158	-2,008	44,276	0,114
0 - 16	159	-2,017	45,073	0,114
0 - 16	160	-2,026	45,879	0,114
0 - 16	161	-2,034	46,695	0,114
0 - 16	162	-2,04	47,521	0,114
0 - 16	163	-2,047	48,357	0,114
0 - 16	164	-2,052	49,202	0,114
0 - 16	165	-2,057	50,056	0,114
0 - 16	166	-2,062	50,918	0,114
0 - 16	167	-2,066	51,789	0,114
0 - 16	168	-2,071	52,665	0,114
0 - 16	169	-2,075	53,547	0,113
0 - 16	170	-2,079	54,433	0,113
0 - 16	171	-2,083	55,321	0,113
0 - 16	172	-2,088	56,212	0,113
0 - 16	173	-2,092	57,103	0,112
0 - 16	174	-2,097	57,994	0,112
0 - 16	175	-2,102	58,884	0,111
0 - 16	176	-2,107	59,773	0,111
0 - 16	177	-2,112	60,661	0,111
0 - 16	178	-2,117	61,545	0,11
0 - 16	179	-2,123	62,426	0,11
0 - 16	180	-2,128	63,303	0,109
0 - 16	181	-2,134	64,177	0,109
0 - 16	182	-2,14	65,046	0,109
0 - 16	183	-2,146	65,913	0,108
0 - 16	184	-2,152	66,777	0,108
0 - 16	185	-2,158	67,64	0,107
0 - 16	186	-2,164	68,502	0,107
0 - 16	187	-2,17	69,364	0,107
0 - 16	188	-2,176	70,227	0,106
0 - 16	189	-2,181	71,089	0,106
0 - 16	190	-2,187	71,952	0,105
0 - 16	191	-2,193	72,816	0,105
0 - 16	192	-2,199	73,68	0,105
0 - 16	193	-2,205	74,543	0,104
0 - 16	194	-2,21	75,407	0,104
0 - 16	195	-2,217	76,272	0,104
