Leeftijd	Lengte	L	M	S
0 - 16	50	-0,156	3,328	0,085
0 - 16	51	-0,173	3,548	0,085
0 - 16	52	-0,189	3,768	0,085
0 - 16	53	-0,205	3,991	0,085
0 - 16	54	-0,222	4,217	0,085
0 - 16	55	-0,238	4,448	0,085
0 - 16	56	-0,256	4,683	0,085
0 - 16	57	-0,273	4,922	0,085
0 - 16	58	-0,291	5,166	0,085
0 - 16	59	-0,309	5,413	0,084
0 - 16	60	-0,327	5,665	0,084
0 - 16	61	-0,345	5,92	0,084
0 - 16	62	-0,364	6,179	0,084
0 - 16	63	-0,383	6,44	0,084
0 - 16	64	-0,401	6,702	0,084
0 - 16	65	-0,42	6,963	0,084
0 - 16	66	-0,439	7,223	0,084
0 - 16	67	-0,457	7,48	0,084
0 - 16	68	-0,476	7,734	0,084
0 - 16	69	-0,494	7,984	0,084
0 - 16	70	-0,511	8,23	0,084
0 - 16	71	-0,529	8,471	0,084
0 - 16	72	-0,546	8,71	0,084
0 - 16	73	-0,563	8,946	0,084
0 - 16	74	-0,58	9,179	0,084
0 - 16	75	-0,597	9,409	0,084
0 - 16	76	-0,613	9,638	0,084
0 - 16	77	-0,63	9,866	0,084
0 - 16	78	-0,646	10,092	0,084
0 - 16	79	-0,663	10,32	0,084
0 - 16	80	-0,679	10,548	0,084
0 - 16	81	-0,696	10,779	0,084
0 - 16	82	-0,713	11,012	0,084
0 - 16	83	-0,729	11,246	0,084
0 - 16	84	-0,746	11,483	0,084
0 - 16	85	-0,763	11,721	0,084
0 - 16	86	-0,78	11,96	0,084
0 - 16	87	-0,797	12,203	0,084
0 - 16	88	-0,815	12,448	0,084
0 - 16	89	-0,832	12,696	0,084
0 - 16	90	-0,85	12,948	0,084
0 - 16	91	-0,868	13,203	0,085
0 - 16	92	-0,885	13,462	0,085
0 - 16	93	-0,904	13,724	0,085
0 - 16	94	-0,922	13,99	0,085
0 - 16	95	-0,94	14,26	0,085
0 - 16	96	-0,959	14,532	0,085
0 - 16	97	-0,977	14,808	0,086
0 - 16	98	-0,996	15,087	0,086
0 - 16	99	-1,015	15,368	0,086
0 - 16	100	-1,033	15,653	0,087
0 - 16	101	-1,052	15,941	0,087
0 - 16	102	-1,071	16,231	0,087
0 - 16	103	-1,09	16,526	0,087
0 - 16	104	-1,11	16,823	0,088
0 - 16	105	-1,129	17,124	0,088
0 - 16	106	-1,148	17,428	0,089
0 - 16	107	-1,167	17,737	0,089
0 - 16	108	-1,186	18,049	0,09
0 - 16	109	-1,206	18,367	0,09
0 - 16	110	-1,225	18,69	0,091
0 - 16	111	-1,245	19,019	0,091
0 - 16	112	-1,265	19,354	0,092
0 - 16	113	-1,284	19,696	0,092
0 - 16	114	-1,304	20,046	0,093
0 - 16	115	-1,324	20,403	0,093
0 - 16	116	-1,344	20,769	0,094
0 - 16	117	-1,364	21,143	0,095
0 - 16	118	-1,384	21,525	0,095
0 - 16	119	-1,403	21,916	0,096
0 - 16	120	-1,423	22,316	0,097
0 - 16	121	-1,443	22,724	0,098
0 - 16	122	-1,462	23,141	0,099
0 - 16	123	-1,482	23,567	0,1
0 - 16	124	-1,501	24,002	0,101
0 - 16	125	-1,519	24,445	0,101
0 - 16	126	-1,538	24,897	0,102
0 - 16	127	-1,555	25,357	0,103
0 - 16	128	-1,573	25,826	0,105
0 - 16	129	-1,59	26,304	0,106
0 - 16	130	-1,606	26,791	0,107
0 - 16	131	-1,621	27,287	0,108
0 - 16	132	-1,636	27,793	0,109
0 - 16	133	-1,65	28,308	0,11
0 - 16	134	-1,664	28,833	0,111
0 - 16	135	-1,676	29,369	0,113
0 - 16	136	-1,687	29,915	0,114
0 - 16	137	-1,698	30,473	0,115
0 - 16	138	-1,707	31,044	0,116
0 - 16	139	-1,715	31,627	0,117
0 - 16	140	-1,721	32,223	0,119
0 - 16	141	-1,726	32,834	0,12
0 - 16	142	-1,73	33,46	0,121
0 - 16	143	-1,732	34,104	0,122
0 - 16	144	-1,733	34,767	0,123
0 - 16	145	-1,732	35,448	0,124
0 - 16	146	-1,729	36,15	0,125
0 - 16	147	-1,725	36,873	0,126
0 - 16	148	-1,718	37,618	0,127
0 - 16	149	-1,71	38,386	0,128
0 - 16	150	-1,699	39,177	0,129
0 - 16	151	-1,687	39,993	0,13
0 - 16	152	-1,673	40,831	0,13
0 - 16	153	-1,657	41,691	0,131
0 - 16	154	-1,64	42,571	0,131
0 - 16	155	-1,62	43,468	0,132
0 - 16	156	-1,6	44,381	0,132
0 - 16	157	-1,578	45,307	0,132
0 - 16	158	-1,555	46,243	0,132
0 - 16	159	-1,531	47,185	0,132
0 - 16	160	-1,507	48,131	0,132
0 - 16	161	-1,482	49,077	0,132
0 - 16	162	-1,457	50,019	0,131
0 - 16	163	-1,431	50,954	0,131
0 - 16	164	-1,405	51,877	0,13
0 - 16	165	-1,379	52,788	0,13
0 - 16	166	-1,352	53,688	0,129
0 - 16	167	-1,325	54,576	0,128
0 - 16	168	-1,298	55,454	0,127
0 - 16	169	-1,27	56,324	0,127
0 - 16	170	-1,242	57,186	0,126
0 - 16	171	-1,214	58,041	0,125
0 - 16	172	-1,185	58,89	0,124
0 - 16	173	-1,157	59,734	0,123
0 - 16	174	-1,128	60,572	0,122
0 - 16	175	-1,099	61,406	0,121
0 - 16	176	-1,071	62,236	0,12
0 - 16	177	-1,042	63,063	0,119
0 - 16	178	-1,013	63,888	0,118
0 - 16	179	-0,985	64,71	0,117
0 - 16	180	-0,956	65,531	0,116
0 - 16	181	-0,928	66,351	0,115
0 - 16	182	-0,899	67,17	0,114
0 - 16	183	-0,87	67,989	0,113
0 - 16	184	-0,842	68,807	0,112
