[Studie]								
Studienkuerzel = wWHO2011						
Land = WHO							
Jahrgang = 2011							
Geschlecht = w							
Gewichtung = 							
Normierung =							
Quelle = WHO							
Quelle(X) = https://www.who.int						
Bemerkung = 							
Minimum = 0							
Maximum = 19							
Spalten = a,l,lsd,gl,gm,gs,bmil,bmim,bmis					
(MissingData = -1)							
[Rohdaten]								
0	49.1477	1.8627	0.3809	3.2322	0.14171	-0.0631	13.3363	0.09272
0.08333333	53.6872	1.9542	0.1714	4.1873	0.13724	0.3448	14.5679	0.09556
0.16666667	57.0673	2.0362	0.0962	5.1282	0.13	0.1749	15.7679	0.09371
0.25	59.8029	2.1051	0.0402	5.8458	0.12619	0.0643	16.3574	0.09254
0.33333333	62.0899	2.1645	-0.005	6.4237	0.12402	-0.0191	16.6703	0.09166
0.41666667	64.0301	2.2174	-0.043	6.8985	0.12274	-0.0864	16.8386	0.09096
0.5	65.7311	2.2664	-0.0756	7.297	0.12204	-0.1429	16.9083	0.09036
0.58333333	67.2873	2.3154	-0.1039	7.6422	0.12178	-0.1916	16.902	0.08984
0.66666667	68.7498	2.365	-0.1288	7.9487	0.12181	-0.2344	16.8404	0.08939
0.75	70.1435	2.4157	-0.1507	8.2254	0.12199	-0.2725	16.7406	0.08898
0.83333333	71.4818	2.4676	-0.17	8.48	0.12223	-0.3068	16.6184	0.08861
0.91666667	72.771	2.5208	-0.1872	8.7192	0.12247	-0.3381	16.4875	0.08828
1	74.015	2.575	-0.2024	8.9481	0.12268	-0.3667	16.3568	0.08797
1.08333333	75.2176	2.6296	-0.2158	9.1699	0.12283	-0.3932	16.2311	0.08768
1.16666667	76.3817	2.6841	-0.2278	9.387	0.12294	-0.4177	16.1128	0.08741
1.25	77.5099	2.7392	-0.2384	9.6008	0.12299	-0.4407	16.0028	0.08716
1.33333333	78.6055	2.7944	-0.2478	9.8124	0.12303	-0.4623	15.9017	0.08693
1.41666667	79.671	2.849	-0.2562	10.0226	0.12306	-0.4825	15.8096	0.08671
1.5	80.7079	2.9039	-0.2637	10.2315	0.12309	-0.5017	15.7263	0.0865
1.58333333	81.7182	2.9582	-0.2703	10.4393	0.12315	-0.5199	15.6517	0.0863
1.66666667	82.7036	3.0129	-0.2762	10.6464	0.12323	-0.5372	15.5855	0.08612
1.75	83.6654	3.0672	-0.2815	10.8534	0.12335	-0.5537	15.5278	0.08594
1.83333333	84.604	3.1202	-0.2862	11.0608	0.1235	-0.5695	15.4787	0.08577
1.91666667	85.5202	3.1737	-0.2903	11.2688	0.12369	-0.5846	15.438	0.0856
2	85.7153	3.2267	-0.2941	11.4775	0.1239	-0.5684	15.6881	0.08454
2.08333333	86.5904	3.2783	-0.2975	11.6864	0.12414	-0.5684	15.659	0.08452
2.16666667	87.4462	3.33	-0.3005	11.8947	0.12441	-0.5684	15.6308	0.08449
2.25	88.283	3.3812	-0.3032	12.1015	0.12472	-0.5684	15.6037	0.08446
2.33333333	89.1004	3.4313	-0.3057	12.3059	0.12506	-0.5684	15.5777	0.08444
2.41666667	89.8991	3.4809	-0.308	12.5073	0.12545	-0.5684	15.5523	0.08443
2.5	90.6797	3.5302	-0.3101	12.7055	0.12587	-0.5684	15.5276	0.08444
2.58333333	91.443	3.5782	-0.312	12.9006	0.12633	-0.5684	15.5034	0.08448
2.66666667	92.1906	3.6259	-0.3138	13.093	0.12683	-0.5684	15.4798	0.08455
2.75	92.9239	3.6724	-0.3155	13.2837	0.12737	-0.5684	15.4572	0.08467
2.83333333	93.6444	3.7186	-0.3171	13.4731	0.12794	-0.5684	15.4356	0.08484
2.91666667	94.3533	3.7638	-0.3186	13.6618	0.12855	-0.5684	15.4155	0.08506
3	95.0515	3.8078	-0.3201	13.8503	0.12919	-0.5684	15.3968	0.08535
3.08333333	95.7399	3.8526	-0.3216	14.0385	0.12988	-0.5684	15.3796	0.08569
3.16666667	96.4187	3.8963	-0.323	14.2265	0.13059	-0.5684	15.3638	0.08609
3.25	97.0885	3.9389	-0.3243	14.414	0.13135	-0.5684	15.3493	0.08654
3.33333333	97.7493	3.9813	-0.3257	14.601	0.13213	-0.5684	15.3358	0.08704
3.41666667	98.4015	4.0236	-0.327	14.7873	0.13293	-0.5684	15.3233	0.08757
3.5	99.0448	4.0658	-0.3283	14.9727	0.13376	-0.5684	15.3116	0.08813
3.58333333	99.6795	4.1068	-0.3296	15.1573	0.1346	-0.5684	15.3007	0.08872
3.66666667	100.3058	4.1476	-0.3309	15.341	0.13545	-0.5684	15.2905	0.08931
3.75	100.9238	4.1883	-0.3322	15.524	0.1363	-0.5684	15.2814	0.08991
3.83333333	101.5337	4.2279	-0.3335	15.7064	0.13716	-0.5684	15.2732	0.09051
3.91666667	102.136	4.2683	-0.3348	15.8882	0.138	-0.5684	15.2661	0.0911
4	102.7312	4.3075	-0.3361	16.0697	0.13884	-0.5684	15.2602	0.09168
4.08333333	103.3197	4.3456	-0.3374	16.2511	0.13968	-0.5684	15.2556	0.09227
4.16666667	103.9021	4.3847	-0.3387	16.4322	0.14051	-0.5684	15.2523	0.09286
4.25	104.4786	4.4226	-0.34	16.6133	0.14132	-0.5684	15.2503	0.09345
4.33333333	105.0494	4.4604	-0.3414	16.7942	0.14213	-0.5684	15.2496	0.09403
4.41666667	105.6148	4.4981	-0.3427	16.9748	0.14293	-0.5684	15.2502	0.0946
4.5	106.1748	4.5358	-0.344	17.1551	0.14371	-0.5684	15.2519	0.09515
4.58333333	106.7295	4.5734	-0.3453	17.3347	0.14448	-0.5684	15.2544	0.09568
4.66666667	107.2788	4.6108	-0.3466	17.5136	0.14525	-0.5684	15.2575	0.09618
4.75	107.8227	4.6472	-0.3479	17.6916	0.146	-0.5684	15.2612	0.09665
4.83333333	108.3613	4.6834	-0.3492	17.8686	0.14675	-0.5684	15.2653	0.09709
4.91666667	108.8948	4.7195	-0.3505	18.0445	0.14748	-0.5684	15.2698	0.0975
5	109.4233	4.7566	-0.3518	18.2193	0.14821	-0.5684	15.2747	0.09789
5.08	109.6016	4.7731	-0.4681	18.2579	0.14295	-0.8886	15.2441	0.09692
5.17	110.1258	4.8059	-0.4711	18.4329	0.1435	-0.9068	15.2434	0.09738
5.25	110.6451	4.8385	-0.4742	18.6073	0.14404	-0.9248	15.2433	0.09783
5.33	111.1596	4.871	-0.4773	18.7811	0.14459	-0.9427	15.2438	0.09829
5.42	111.6696	4.9023	-0.4803	18.9545	0.14514	-0.9605	15.2448	0.09875
5.50	112.1753	4.9346	-0.4834	19.1276	0.14569	-0.978	15.2464	0.0992
5.58	112.6767	4.9657	-0.4864	19.3004	0.14624	-0.9954	15.2487	0.09966
5.67	113.174	4.9966	-0.4894	19.473	0.14679	-1.0126	15.2516	0.10012
5.75	113.6672	5.0275	-0.4924	19.6455	0.14735	-1.0296	15.2551	0.10058
5.83	114.1565	5.0583	-0.4954	19.818	0.1479	-1.0464	15.2592	0.10104
5.92	114.6421	5.089	-0.4984	19.9908	0.14845	-1.063	15.2641	0.10149
6.00	115.1244	5.1196	-0.5013	20.1639	0.149	-1.0794	15.2697	0.10195
6.08	115.6039	5.149	-0.5043	20.3377	0.14955	-1.0956	15.276	0.10241
6.17	116.0812	5.1784	-0.5072	20.5124	0.1501	-1.1115	15.2831	0.10287
6.25	116.5568	5.2089	-0.51	20.6885	0.15065	-1.1272	15.2911	0.10333
6.33	117.0311	5.2371	-0.5129	20.8661	0.1512	-1.1427	15.2998	0.10379
6.42	117.5044	5.2665	-0.5157	21.0457	0.15175	-1.1579	15.3095	0.10425
6.50	117.9769	5.296	-0.5185	21.2274	0.1523	-1.1728	15.32	0.10471
6.58	118.4489	5.3243	-0.5213	21.4113	0.15284	-1.1875	15.3314	0.10517
6.67	118.9208	5.3538	-0.524	21.5979	0.15339	-1.2019	15.3439	0.10562
6.75	119.3926	5.3822	-0.5268	21.7872	0.15393	-1.216	15.3572	0.10608
6.83	119.8648	5.4107	-0.5294	21.9795	0.15448	-1.2298	15.3717	0.10654
6.92	120.3374	5.4393	-0.5321	22.1751	0.15502	-1.2433	15.3871	0.107
7.00	120.8105	5.4667	-0.5347	22.374	0.15556	-1.2565	15.4036	0.10746
7.08	121.2843	5.4954	-0.5372	22.5762	0.1561	-1.2693	15.4211	0.10792
7.17	121.7587	5.523	-0.5398	22.7816	0.15663	-1.2819	15.4397	0.10837
7.25	122.2338	5.5519	-0.5423	22.9904	0.15717	-1.2941	15.4593	0.10883
7.33	122.7098	5.5796	-0.5447	23.2025	0.1577	-1.306	15.4798	0.10929
7.42	123.1868	5.6062	-0.5471	23.418	0.15823	-1.3175	15.5014	0.10974
7.50	123.6646	5.6342	-0.5495	23.6369	0.15876	-1.3287	15.524	0.1102
7.58	124.1435	5.6622	-0.5518	23.8593	0.15928	-1.3395	15.5476	0.11065
7.67	124.6234	5.6891	-0.5541	24.0853	0.1598	-1.3499	15.5723	0.1111
7.75	125.1045	5.716	-0.5563	24.3149	0.16032	-1.36	15.5979	0.11156
7.83	125.5869	5.7431	-0.5585	24.5482	0.16084	-1.3697	15.6246	0.11201
7.92	126.0706	5.7703	-0.5606	24.7853	0.16135	-1.379	15.6523	0.11246
8.00	126.5558	5.7975	-0.5627	25.0262	0.16186	-1.388	15.681	0.11291
8.08	127.0424	5.8249	-0.5647	25.271	0.16237	-1.3966	15.7107	0.11335
8.17	127.5304	5.8511	-0.5667	25.5197	0.16287	-1.4047	15.7415	0.1138
8.25	128.0199	5.8774	-0.5686	25.7721	0.16337	-1.4125	15.7732	0.11424
8.33	128.5109	5.9038	-0.5704	26.0284	0.16386	-1.4199	15.8058	0.11469
8.42	129.0035	5.9303	-0.5722	26.2883	0.16435	-1.427	15.8394	0.11513
8.50	129.4975	5.9569	-0.574	26.5519	0.16483	-1.4336	15.8738	0.11557
8.58	129.9932	5.9823	-0.5757	26.819	0.16532	-1.4398	15.909	0.11601
8.67	130.4904	6.0078	-0.5773	27.0896	0.16579	-1.4456	15.9451	0.11644
8.75	130.9891	6.0347	-0.5789	27.3635	0.16626	-1.4511	15.9818	0.11688
8.83	131.4895	6.059	-0.5804	27.6406	0.16673	-1.4561	16.0194	0.11731
8.92	131.9912	6.0848	-0.5819	27.9208	0.16719	-1.4607	16.0575	0.11774
9.00	132.4944	6.1106	-0.5833	28.204	0.16764	-1.465	16.0964	0.11816
9.08	132.9989	6.1352	-0.5847	28.4901	0.16809	-1.4688	16.1358	0.11859
9.17	133.5046	6.1599	-0.5859	28.7791	0.16854	-1.4723	16.1759	0.11901
9.25	134.0118	6.1846	-0.5872	29.0711	0.16897	-1.4753	16.2166	0.11943
9.33	134.5202	6.2095	-0.5883	29.3663	0.16941	-1.478	16.258	0.11985
9.42	135.0299	6.233	-0.5895	29.6646	0.16983	-1.4803	16.2999	0.12026
9.50	135.541	6.2579	-0.5905	29.9663	0.17025	-1.4823	16.3425	0.12067
9.58	136.0533	6.2816	-0.5915	30.2715	0.17066	-1.4838	16.3858	0.12108
9.67	136.567	6.3039	-0.5925	30.5805	0.17107	-1.485	16.4298	0.12148
9.75	137.0821	6.3277	-0.5934	30.8934	0.17146	-1.4859	16.4746	0.12188
9.83	137.5987	6.3516	-0.5942	31.2105	0.17186	-1.4864	16.52	0.12228
9.92	138.1167	6.3741	-0.595	31.5319	0.17224	-1.4866	16.5663	0.12268
10.00	138.6363	6.3967	-0.5958	31.8578	0.17262	-1.4864	16.6133	0.12307
10.08	139.1575	6.4179	-1	-1	-1	-1.4859	16.6612	0.12346
10.17	139.6803	6.4407	-1	-1	-1	-1.4851	16.71	0.12384
10.25	140.2049	6.462	-1	-1	-1	-1.4839	16.7595	0.12422
10.33	140.7313	6.4835	-1	-1	-1	-1.4825	16.81	0.1246
10.42	141.2594	6.505	-1	-1	-1	-1.4807	16.8614	0.12497
10.50	141.7892	6.5266	-1	-1	-1	-1.4787	16.9136	0.12534
10.58	142.3206	6.5467	-1	-1	-1	-1.4763	16.9667	0.12571
10.67	142.8534	6.567	-1	-1	-1	-1.4737	17.0208	0.12607
10.75	143.3874	6.5872	-1	-1	-1	-1.4708	17.0757	0.12643
10.83	143.9222	6.6075	-1	-1	-1	-1.4677	17.1316	0.12678
10.92	144.4575	6.6277	-1	-1	-1	-1.4642	17.1883	0.12713
11.00	144.9929	6.6465	-1	-1	-1	-1.4606	17.2459	0.12748
11.08	145.528	6.6652	-1	-1	-1	-1.4567	17.3044	0.12782
11.17	146.0622	6.6838	-1	-1	-1	-1.4526	17.3637	0.12816
11.25	146.5951	6.7009	-1	-1	-1	-1.4482	17.4238	0.12849
11.33	147.1262	6.7193	-1	-1	-1	-1.4436	17.4847	0.12882
11.42	147.6548	6.736	-1	-1	-1	-1.4389	17.5464	0.12914
11.50	148.1804	6.7526	-1	-1	-1	-1.4339	17.6088	0.12946
11.58	148.7023	6.7689	-1	-1	-1	-1.4288	17.6719	0.12978
11.67	149.2197	6.7835	-1	-1	-1	-1.4235	17.7357	0.13009
11.75	149.7322	6.7993	-1	-1	-1	-1.418	17.8001	0.1304
11.83	150.239	6.8133	-1	-1	-1	-1.4123	17.8651	0.1307
11.92	150.7394	6.827	-1	-1	-1	-1.4065	17.9306	0.13099
12.00	151.2327	6.8403	-1	-1	-1	-1.4006	17.9966	0.13129
12.08	151.7182	6.8516	-1	-1	-1	-1.3945	18.063	0.13158
12.17	152.1951	6.864	-1	-1	-1	-1.3883	18.1297	0.13186
12.25	152.6628	6.8744	-1	-1	-1	-1.3819	18.1967	0.13214
12.33	153.1206	6.8858	-1	-1	-1	-1.3755	18.2639	0.13241
12.42	153.5678	6.8952	-1	-1	-1	-1.3689	18.3312	0.13268
12.50	154.0041	6.904	-1	-1	-1	-1.3621	18.3986	0.13295
12.58	154.429	6.9122	-1	-1	-1	-1.3553	18.466	0.13321
12.67	154.8423	6.9184	-1	-1	-1	-1.3483	18.5333	0.13347
12.75	155.2437	6.9254	-1	-1	-1	-1.3413	18.6006	0.13372
12.83	155.633	6.9319	-1	-1	-1	-1.3341	18.6677	0.13397
12.92	156.0101	6.9362	-1	-1	-1	-1.3269	18.7346	0.13421
13.00	156.3748	6.9415	-1	-1	-1	-1.3195	18.8012	0.13445
13.08	156.7269	6.9446	-1	-1	-1	-1.3121	18.8675	0.13469
13.17	157.0666	6.9471	-1	-1	-1	-1.3046	18.9335	0.13492
13.25	157.3936	6.9489	-1	-1	-1	-1.297	18.9991	0.13514
13.33	157.7082	6.9518	-1	-1	-1	-1.2894	19.0642	0.13537
13.42	158.0102	6.9524	-1	-1	-1	-1.2816	19.1289	0.13559
13.50	158.2997	6.9525	-1	-1	-1	-1.2739	19.1931	0.1358
13.58	158.5771	6.952	-1	-1	-1	-1.2661	19.2567	0.13601
13.67	158.8425	6.9509	-1	-1	-1	-1.2583	19.3197	0.13622
13.75	159.0961	6.9509	-1	-1	-1	-1.2504	19.382	0.13642
13.83	159.3382	6.9487	-1	-1	-1	-1.2425	19.4437	0.13662
13.92	159.5691	6.946	-1	-1	-1	-1.2345	19.5045	0.13681
14.00	159.789	6.9428	-1	-1	-1	-1.2266	19.5647	0.137
14.08	159.9983	6.9391	-1	-1	-1	-1.2186	19.624	0.13719
14.17	160.1971	6.9365	-1	-1	-1	-1.2107	19.6824	0.13738
14.25	160.3857	6.9319	-1	-1	-1	-1.2027	19.74	0.13756
14.33	160.5643	6.9267	-1	-1	-1	-1.1947	19.7966	0.13774
14.42	160.7332	6.9228	-1	-1	-1	-1.1867	19.8523	0.13791
14.50	160.8927	6.9168	-1	-1	-1	-1.1788	19.907	0.13808
14.58	161.043	6.912	-1	-1	-1	-1.1708	19.9607	0.13825
14.67	161.1845	6.9051	-1	-1	-1	-1.1629	20.0133	0.13841
14.75	161.3176	6.8996	-1	-1	-1	-1.1549	20.0648	0.13858
14.83	161.4425	6.8936	-1	-1	-1	-1.147	20.1152	0.13873
14.92	161.5596	6.8873	-1	-1	-1	-1.139	20.1644	0.13889
15.00	161.6692	6.879	-1	-1	-1	-1.1311	20.2125	0.13904
15.08	161.7717	6.8721	-1	-1	-1	-1.1232	20.2595	0.1392
15.17	161.8673	6.8648	-1	-1	-1	-1.1153	20.3053	0.13934
15.25	161.9564	6.8589	-1	-1	-1	-1.1074	20.3499	0.13949
15.33	162.0393	6.851	-1	-1	-1	-1.0996	20.3934	0.13963
15.42	162.1164	6.8429	-1	-1	-1	-1.0917	20.4357	0.13977
15.50	162.188	6.8346	-1	-1	-1	-1.0838	20.4769	0.13991
15.58	162.2542	6.8277	-1	-1	-1	-1.076	20.517	0.14005
15.67	162.3154	6.8189	-1	-1	-1	-1.0681	20.556	0.14018
15.75	162.3719	6.8115	-1	-1	-1	-1.0603	20.5938	0.14031
15.83	162.4239	6.8039	-1	-1	-1	-1.0525	20.6306	0.14044
15.92	162.4717	6.7946	-1	-1	-1	-1.0447	20.6663	0.14057
16.00	162.5156	6.7867	-1	-1	-1	-1.0368	20.7008	0.1407
16.08	162.556	6.7786	-1	-1	-1	-1.029	20.7344	0.14082
16.17	162.5933	6.7704	-1	-1	-1	-1.0212	20.7668	0.14094
16.25	162.6276	6.7621	-1	-1	-1	-1.0134	20.7982	0.14106
16.33	162.6594	6.7536	-1	-1	-1	-1.0055	20.8286	0.14118
16.42	162.689	6.7467	-1	-1	-1	-0.9977	20.858	0.1413
16.50	162.7165	6.7381	-1	-1	-1	-0.9898	20.8863	0.14142
16.58	162.7425	6.731	-1	-1	-1	-0.9819	20.9137	0.14153
16.67	162.767	6.7223	-1	-1	-1	-0.974	20.9401	0.14164
16.75	162.7904	6.7151	-1	-1	-1	-0.9661	20.9656	0.14176
16.83	162.8126	6.7063	-1	-1	-1	-0.9582	20.9901	0.14187
16.92	162.834	6.699	-1	-1	-1	-0.9503	21.0138	0.14198
17.00	162.8545	6.6917	-1	-1	-1	-0.9423	21.0367	0.14208
17.08	162.8743	6.6844	-1	-1	-1	-0.9344	21.0587	0.14219
17.17	162.8935	6.677	-1	-1	-1	-0.9264	21.0801	0.1423
17.25	162.912	6.6696	-1	-1	-1	-0.9184	21.1007	0.1424
17.33	162.93	6.6622	-1	-1	-1	-0.9104	21.1206	0.1425
17.42	162.9476	6.6548	-1	-1	-1	-0.9024	21.1399	0.14261
17.50	162.9649	6.649	-1	-1	-1	-0.8944	21.1586	0.14271
17.58	162.9817	6.6415	-1	-1	-1	-0.8863	21.1768	0.14281
17.67	162.9983	6.6357	-1	-1	-1	-0.8783	21.1944	0.14291
17.75	163.0144	6.6282	-1	-1	-1	-0.8703	21.2116	0.14301
17.83	163.03	6.6223	-1	-1	-1	-0.8623	21.2282	0.14311
17.92	163.0451	6.6164	-1	-1	-1	-0.8542	21.2444	0.1432
18.00	163.0595	6.6088	-1	-1	-1	-0.8462	21.2603	0.1433
18.08	163.0733	6.6028	-1	-1	-1	-0.8382	21.2757	0.1434
18.17	163.0862	6.5968	-1	-1	-1	-0.8301	21.2908	0.14349
18.25	163.0982	6.5908	-1	-1	-1	-0.8221	21.3055	0.14359
18.33	163.1092	6.5847	-1	-1	-1	-0.814	21.32	0.14368
18.42	163.1192	6.5802	-1	-1	-1	-0.806	21.3341	0.14377
18.50	163.1279	6.5741	-1	-1	-1	-0.798	21.348	0.14386
18.58	163.1355	6.5678	-1	-1	-1	-0.7899	21.3617	0.14396
18.67	163.1418	6.5632	-1	-1	-1	-0.7819	21.3752	0.14405
18.75	163.1469	6.5569	-1	-1	-1	-0.7738	21.3884	0.14414
18.83	163.1508	6.5521	-1	-1	-1	-0.7658	21.4014	0.14423
18.92	163.1534	6.5457	-1	-1	-1	-0.7577	21.4143	0.14432
19.00	163.1548	6.5409	-1	-1	-1	-0.7496	21.4269	0.14441

